[]
AXISHOME1=0.000000e+000
SPLITSIZE=1.000000e-003
SPLITSIZEX=5.000000e+001
SPLITSIZEY=5.000000e+001
FORCESPLIT=0
FORCEALLSPLIT=0

[LASTRULER]
NAME=
ROTATEMODE=2
DIAMETER=1.000000e+002

